train_datasize = 1257
test_datasize = 315
num_models = 7
num_criteria = 1
dim = 2
lr = 0.001
epochs = 1000
min_train_loss = 0.934202
test_loss = 0.982788
